0.000000 -1.000000 0.000000
0.723607 -0.447220 0.525725
-0.276388 -0.447220 0.850649
-0.894426 -0.447216 0.000000
-0.276388 -0.447220 -0.850649
0.723607 -0.447220 -0.525725
0.276388 0.447220 0.850649
-0.723607 0.447220 0.525725
-0.723607 0.447220 -0.525725
0.276388 0.447220 -0.850649
0.894426 0.447216 0.000000
0.000000 1.000000 0.000000
-0.257937 -0.550685 0.793860
-0.232822 -0.657519 0.716563
-0.200688 -0.760403 0.617666
-0.162456 -0.850654 0.499995
-0.120413 -0.920955 0.370598
-0.077607 -0.967950 0.238853
-0.036848 -0.992865 0.113408
0.096471 -0.992865 0.070089
0.203181 -0.967950 0.147618
0.315251 -0.920955 0.229040
0.425323 -0.850654 0.309011
0.525420 -0.760403 0.381735
0.609547 -0.657519 0.442856
0.675300 -0.550685 0.490628
0.638452 -0.476987 0.604038
0.531941 -0.502302 0.681712
0.405008 -0.519572 0.752338
0.262869 -0.525738 0.809012
0.114564 -0.519572 0.846711
-0.029639 -0.502302 0.864184
-0.161465 -0.476988 0.863951
0.771771 -0.476987 -0.420539
0.812729 -0.502301 -0.295238
0.840673 -0.519571 -0.152694
0.850648 -0.525736 0.000000
0.840673 -0.519571 0.152694
0.812729 -0.502301 0.295238
0.771771 -0.476987 0.420539
0.096471 -0.992865 -0.070089
0.203181 -0.967950 -0.147618
0.315251 -0.920955 -0.229040
0.425323 -0.850654 -0.309011
0.525420 -0.760403 -0.381735
0.609547 -0.657519 -0.442856
0.675300 -0.550685 -0.490628
-0.834716 -0.550681 0.000000
-0.753442 -0.657515 0.000000
-0.649456 -0.760399 0.000000
-0.525730 -0.850652 0.000000
-0.389673 -0.920953 0.000000
-0.251147 -0.967949 0.000000
-0.119245 -0.992865 0.000000
-0.377183 -0.476988 0.793861
-0.483971 -0.502302 0.716565
-0.590366 -0.519572 0.617668
-0.688189 -0.525736 0.499997
-0.769872 -0.519570 0.370600
-0.831051 -0.502299 0.238853
-0.871565 -0.476984 0.113408
-0.257937 -0.550685 -0.793860
-0.232822 -0.657519 -0.716563
-0.200688 -0.760403 -0.617666
-0.162456 -0.850654 -0.499995
-0.120413 -0.920955 -0.370598
-0.077607 -0.967950 -0.238853
-0.036848 -0.992865 -0.113408
-0.871565 -0.476984 -0.113408
-0.831051 -0.502299 -0.238853
-0.769872 -0.519570 -0.370600
-0.688189 -0.525736 -0.499997
-0.590366 -0.519572 -0.617668
-0.483971 -0.502302 -0.716565
-0.377183 -0.476988 -0.793861
-0.161465 -0.476988 -0.863951
-0.029639 -0.502302 -0.864184
0.114564 -0.519573 -0.846711
0.262869 -0.525738 -0.809012
0.405008 -0.519572 -0.752338
0.531941 -0.502302 -0.681712
0.638453 -0.476987 -0.604038
0.931188 0.357738 0.070089
0.956626 0.251149 0.147618
0.964711 0.129893 0.229041
0.951058 -0.000000 0.309013
0.915098 -0.129893 0.381737
0.860698 -0.251151 0.442858
0.794547 -0.357741 0.490629
0.794547 -0.357741 -0.490629
0.860698 -0.251151 -0.442858
0.915098 -0.129893 -0.381737
0.951058 0.000000 -0.309013
0.964711 0.129893 -0.229041
0.956626 0.251149 -0.147618
0.931188 0.357738 -0.070089
0.221089 0.357741 0.907271
0.155215 0.251152 0.955422
0.080276 0.129894 0.988273
-0.000000 -0.000000 1.000000
-0.080276 -0.129894 0.988273
-0.155215 -0.251152 0.955422
-0.221089 -0.357741 0.907271
0.712150 -0.357741 0.604039
0.687159 -0.251152 0.681715
0.645839 -0.129894 0.752343
0.587786 0.000000 0.809017
0.515946 0.129894 0.846716
0.436007 0.251152 0.864188
0.354409 0.357742 0.863953
-0.794547 0.357741 0.490629
-0.860698 0.251151 0.442858
-0.915098 0.129893 0.381737
-0.951058 -0.000000 0.309013
-0.964711 -0.129893 0.229041
-0.956626 -0.251149 0.147618
-0.931188 -0.357738 0.070089
-0.354409 -0.357742 0.863953
-0.436007 -0.251152 0.864188
-0.515946 -0.129894 0.846716
-0.587786 0.000000 0.809017
-0.645839 0.129894 0.752342
-0.687159 0.251152 0.681715
-0.712150 0.357741 0.604039
-0.712150 0.357741 -0.604039
-0.687159 0.251152 -0.681715
-0.645839 0.129894 -0.752343
-0.587786 -0.000000 -0.809017
-0.515946 -0.129894 -0.846716
-0.436007 -0.251152 -0.864188
-0.354409 -0.357742 -0.863953
-0.931188 -0.357738 -0.070089
-0.956626 -0.251149 -0.147618
-0.964711 -0.129893 -0.229041
-0.951058 0.000000 -0.309013
-0.915098 0.129893 -0.381737
-0.860698 0.251151 -0.442858
-0.794547 0.357741 -0.490629
0.354409 0.357742 -0.863953
0.436007 0.251152 -0.864188
0.515946 0.129894 -0.846716
0.587786 -0.000000 -0.809017
0.645839 -0.129894 -0.752342
0.687159 -0.251152 -0.681715
0.712150 -0.357741 -0.604039
-0.221089 -0.357741 -0.907271
-0.155215 -0.251152 -0.955422
-0.080276 -0.129894 -0.988273
0.000000 0.000000 -1.000000
0.080276 0.129894 -0.988273
0.155215 0.251152 -0.955422
0.221089 0.357741 -0.907271
0.871565 0.476984 0.113408
0.831051 0.502299 0.238853
0.769872 0.519570 0.370600
0.688189 0.525736 0.499997
0.590366 0.519572 0.617668
0.483971 0.502302 0.716565
0.377183 0.476988 0.793861
0.161465 0.476988 0.863951
0.029639 0.502302 0.864184
-0.114564 0.519573 0.846711
-0.262869 0.525738 0.809012
-0.405008 0.519572 0.752338
-0.531941 0.502302 0.681712
-0.638453 0.476987 0.604038
-0.771771 0.476987 0.420539
-0.812729 0.502301 0.295238
-0.840673 0.519571 0.152694
-0.850648 0.525736 -0.000000
-0.840673 0.519571 -0.152694
-0.812729 0.502301 -0.295238
-0.771771 0.476987 -0.420539
-0.638452 0.476987 -0.604038
-0.531941 0.502302 -0.681712
-0.405008 0.519572 -0.752338
-0.262869 0.525738 -0.809012
-0.114564 0.519572 -0.846711
0.029639 0.502302 -0.864184
0.161465 0.476988 -0.863951
0.377183 0.476988 -0.793861
0.483971 0.502302 -0.716565
0.590366 0.519572 -0.617668
0.688189 0.525736 -0.499997
0.769872 0.519570 -0.370600
0.831051 0.502299 -0.238853
0.871565 0.476984 -0.113408
0.036848 0.992865 0.113408
0.077607 0.967950 0.238853
0.120413 0.920955 0.370598
0.162456 0.850654 0.499995
0.200688 0.760403 0.617666
0.232822 0.657519 0.716563
0.257937 0.550685 0.793860
0.834716 0.550681 0.000000
0.753442 0.657515 0.000000
0.649456 0.760399 0.000000
0.525730 0.850652 0.000000
0.389673 0.920953 0.000000
0.251147 0.967949 0.000000
0.119245 0.992865 0.000000
-0.096471 0.992865 0.070089
-0.203181 0.967950 0.147618
-0.315251 0.920955 0.229040
-0.425323 0.850654 0.309011
-0.525420 0.760403 0.381735
-0.609547 0.657519 0.442856
-0.675300 0.550685 0.490628
-0.096471 0.992865 -0.070089
-0.203181 0.967950 -0.147618
-0.315251 0.920955 -0.229040
-0.425323 0.850654 -0.309011
-0.525420 0.760403 -0.381735
-0.609547 0.657519 -0.442856
-0.675300 0.550685 -0.490628
0.036848 0.992865 -0.113408
0.077607 0.967950 -0.238853
0.120413 0.920955 -0.370598
0.162456 0.850654 -0.499995
0.200688 0.760403 -0.617666
0.232822 0.657519 -0.716563
0.257937 0.550685 -0.793860
0.166198 0.978672 -0.120749
0.307167 0.943208 -0.126518
0.215245 0.943209 -0.253036
0.451375 0.882854 -0.129731
0.361800 0.894429 -0.262863
0.262862 0.882855 -0.389192
0.587783 0.798549 -0.129731
0.506729 0.819912 -0.266403
0.409951 0.819913 -0.399604
0.305014 0.798552 -0.518924
0.706258 0.696558 -0.126519
0.638194 0.723610 -0.262864
0.550008 0.733353 -0.399605
0.447209 0.723612 -0.525728
0.338569 0.696561 -0.632593
0.801022 0.586331 -0.120750
0.747366 0.614342 -0.253038
0.672087 0.629942 -0.389194
0.577830 0.629943 -0.518926
0.471599 0.614344 -0.632594
0.362366 0.586334 -0.724502
-0.063483 0.978672 -0.195376
-0.025408 0.943209 -0.331227
-0.174138 0.943209 -0.282901
0.016098 0.882855 -0.469369
-0.138197 0.894430 -0.425319
-0.288916 0.882855 -0.370262
0.058250 0.798552 -0.599101
-0.096779 0.819914 -0.564248
-0.253366 0.819914 -0.513369
-0.399272 0.798552 -0.450440
0.097915 0.696561 -0.710785
-0.052790 0.723612 -0.688185
-0.210088 0.733355 -0.646571
-0.361804 0.723612 -0.587778
-0.497009 0.696561 -0.517479
0.132684 0.586334 -0.799129
-0.009708 0.614345 -0.788978
-0.162463 0.629944 -0.759458
-0.314971 0.629944 -0.709904
-0.455902 0.614344 -0.643998
-0.577066 0.586334 -0.568513
-0.205432 0.978671 0.000000
-0.322868 0.943208 -0.078192
-0.322868 0.943208 0.078192
-0.441423 0.882855 -0.160354
-0.447210 0.894429 0.000000
-0.441423 0.882855 0.160354
-0.551779 0.798551 -0.240532
-0.566539 0.819912 -0.082322
-0.566539 0.819912 0.082322
-0.551779 0.798551 0.240532
-0.645740 0.696561 -0.312768
-0.670817 0.723611 -0.162457
-0.679848 0.733353 0.000000
-0.670817 0.723611 0.162457
-0.645740 0.696560 0.312768
-0.719015 0.586334 -0.373135
-0.753363 0.614343 -0.234576
-0.772492 0.629942 -0.080177
-0.772492 0.629942 0.080177
-0.753363 0.614343 0.234576
-0.719015 0.586334 0.373135
-0.063483 0.978672 0.195376
-0.174138 0.943209 0.282901
-0.025408 0.943209 0.331227
-0.288916 0.882855 0.370262
-0.138197 0.894430 0.425319
0.016098 0.882855 0.469369
-0.399272 0.798552 0.450440
-0.253366 0.819914 0.513369
-0.096779 0.819914 0.564248
0.058250 0.798552 0.599101
-0.497009 0.696561 0.517479
-0.361804 0.723612 0.587778
-0.210088 0.733355 0.646571
-0.052790 0.723612 0.688185
0.097915 0.696561 0.710785
-0.577066 0.586334 0.568513
-0.455902 0.614345 0.643998
-0.314971 0.629944 0.709904
-0.162463 0.629944 0.759458
-0.009708 0.614345 0.788978
0.132684 0.586335 0.799129
0.166198 0.978672 0.120749
0.215245 0.943209 0.253036
0.307167 0.943208 0.126518
0.262862 0.882855 0.389192
0.361800 0.894429 0.262863
0.451375 0.882854 0.129731
0.305014 0.798552 0.518924
0.409951 0.819913 0.399604
0.506729 0.819912 0.266403
0.587783 0.798549 0.129731
0.338569 0.696561 0.632593
0.447209 0.723612 0.525728
0.550008 0.733353 0.399605
0.638194 0.723610 0.262864
0.706258 0.696558 0.126519
0.362366 0.586334 0.724502
0.471599 0.614344 0.632594
0.577830 0.629943 0.518926
0.672087 0.629942 0.389194
0.747366 0.614342 0.253038
0.801022 0.586331 0.120750
0.903740 0.380897 -0.195376
0.921508 0.266063 -0.282902
0.854992 0.399094 -0.331229
0.918856 0.136410 -0.370264
0.861804 0.276396 -0.425322
0.782446 0.409229 -0.469371
0.892805 -0.000000 -0.450443
0.846660 0.140059 -0.513372
0.776630 0.280118 -0.564251
0.688190 0.409230 -0.599104
0.845290 -0.133032 -0.517481
0.809019 0.000000 -0.587782
0.749882 0.140059 -0.646576
0.670821 0.276397 -0.688189
0.579226 0.399096 -0.710788
0.782501 -0.253933 -0.568515
0.753368 -0.133032 -0.644002
0.704293 0.000000 -0.709909
0.636088 0.136411 -0.759463
0.553820 0.266065 -0.788982
0.465085 0.380900 -0.799132
0.093451 0.380900 -0.919882
0.015700 0.266064 -0.963827
-0.050816 0.399096 -0.915500
-0.068205 0.136410 -0.988302
-0.138198 0.276397 -0.951055
-0.204615 0.409230 -0.889193
-0.152509 -0.000000 -0.988302
-0.226618 0.140059 -0.963861
-0.296648 0.280118 -0.912981
-0.357124 0.409230 -0.839639
-0.230948 -0.133033 -0.963829
-0.309016 -0.000000 -0.951057
-0.383207 0.140059 -0.912982
-0.447215 0.276397 -0.850649
-0.497012 0.399096 -0.770520
-0.298885 -0.253934 -0.919883
-0.379680 -0.133033 -0.915503
-0.457527 -0.000000 -0.889196
-0.525732 0.136410 -0.839642
-0.579229 0.266065 -0.770522
-0.616302 0.380900 -0.689266
-0.845982 0.380899 -0.373136
-0.911804 0.266063 -0.312769
-0.886396 0.399095 -0.234577
-0.961008 0.136410 -0.240533
-0.947213 0.276396 -0.162458
-0.908902 0.409229 -0.080178
-0.987059 0.000000 -0.160355
-0.986715 0.140059 -0.082322
-0.959966 0.280117 0.000000
-0.908902 0.409229 0.080178
-0.988023 -0.133031 -0.078192
-1.000000 0.000001 0.000000
-0.986715 0.140059 0.082323
-0.947213 0.276397 0.162458
-0.886395 0.399095 0.234577
-0.967222 -0.253931 0.000000
-0.988023 -0.133030 0.078193
-0.987059 0.000001 0.160356
-0.961008 0.136411 0.240534
-0.911803 0.266065 0.312769
-0.845982 0.380900 0.373136
-0.616302 0.380900 0.689266
-0.579229 0.266064 0.770521
-0.497012 0.399096 0.770520
-0.525732 0.136410 0.839641
-0.447216 0.276397 0.850649
-0.357124 0.409230 0.839639
-0.457527 -0.000001 0.889196
-0.383208 0.140059 0.912982
-0.296649 0.280118 0.912981
-0.204616 0.409230 0.889193
-0.379681 -0.133033 0.915502
-0.309017 -0.000001 0.951056
-0.226619 0.140059 0.963861
-0.138199 0.276397 0.951055
-0.050817 0.399096 0.915500
-0.298885 -0.253934 0.919883
-0.230948 -0.133033 0.963828
-0.152509 -0.000000 0.988302
-0.068206 0.136410 0.988302
0.015699 0.266064 0.963827
0.093451 0.380900 0.919882
0.465085 0.380900 0.799132
0.553820 0.266064 0.788983
0.579226 0.399096 0.710788
0.636088 0.136410 0.759463
0.670820 0.276396 0.688190
0.688190 0.409229 0.599104
0.704293 -0.000001 0.709909
0.749882 0.140058 0.646576
0.776630 0.280116 0.564252
0.782446 0.409228 0.469372
0.753368 -0.133034 0.644002
0.809019 -0.000002 0.587783
0.846659 0.140057 0.513373
0.861804 0.276394 0.425323
0.854992 0.399093 0.331230
0.782501 -0.253934 0.568515
0.845289 -0.133034 0.517482
0.892805 -0.000002 0.450444
0.918856 0.136407 0.370266
0.921508 0.266061 0.282904
0.903740 0.380896 0.195377
0.298886 0.253934 -0.919883
0.379681 0.133033 -0.915502
0.230948 0.133033 -0.963828
0.457527 -0.000000 -0.889196
0.309017 -0.000000 -0.951056
0.152509 0.000000 -0.988302
0.525732 -0.136411 -0.839641
0.383207 -0.140060 -0.912982
0.226619 -0.140060 -0.963861
0.068205 -0.136410 -0.988302
0.579229 -0.266065 -0.770521
0.447216 -0.276398 -0.850648
0.296648 -0.280119 -0.912980
0.138199 -0.276398 -0.951055
-0.015699 -0.266065 -0.963827
0.616302 -0.380900 -0.689265
0.497012 -0.399097 -0.770520
0.357124 -0.409231 -0.839639
0.204615 -0.409231 -0.889192
0.050817 -0.399097 -0.915500
-0.093451 -0.380900 -0.919881
-0.782501 0.253934 -0.568515
-0.753368 0.133032 -0.644002
-0.845290 0.133032 -0.517482
-0.704293 -0.000000 -0.709910
-0.809018 -0.000000 -0.587783
-0.892805 0.000000 -0.450444
-0.636087 -0.136411 -0.759464
-0.749881 -0.140059 -0.646577
-0.846659 -0.140059 -0.513374
-0.918856 -0.136410 -0.370265
-0.553819 -0.266065 -0.788983
-0.670819 -0.276397 -0.688191
-0.776628 -0.280118 -0.564253
-0.861803 -0.276396 -0.425324
-0.921507 -0.266063 -0.282904
-0.465084 -0.380900 -0.799132
-0.579224 -0.399096 -0.710789
-0.688189 -0.409230 -0.599106
-0.782445 -0.409229 -0.469374
-0.854991 -0.399094 -0.331231
-0.903739 -0.380897 -0.195378
-0.782501 0.253934 0.568515
-0.845290 0.133032 0.517482
-0.753368 0.133032 0.644002
-0.892805 -0.000000 0.450444
-0.809018 0.000000 0.587783
-0.704293 0.000000 0.709910
-0.918856 -0.136410 0.370265
-0.846659 -0.140059 0.513374
-0.749881 -0.140059 0.646577
-0.636087 -0.136411 0.759464
-0.921508 -0.266063 0.282904
-0.861803 -0.276396 0.425324
-0.776629 -0.280118 0.564253
-0.670819 -0.276397 0.688191
-0.553819 -0.266065 0.788983
-0.903739 -0.380897 0.195378
-0.854991 -0.399094 0.331231
-0.782445 -0.409229 0.469374
-0.688189 -0.409230 0.599106
-0.579224 -0.399096 0.710789
-0.465084 -0.380900 0.799132
0.298886 0.253934 0.919883
0.230948 0.133032 0.963828
0.379681 0.133033 0.915502
0.152509 -0.000000 0.988302
0.309017 0.000000 0.951056
0.457527 0.000000 0.889196
0.068206 -0.136410 0.988302
0.226619 -0.140060 0.963861
0.383207 -0.140060 0.912982
0.525732 -0.136411 0.839641
-0.015699 -0.266065 0.963827
0.138199 -0.276397 0.951055
0.296648 -0.280119 0.912980
0.447216 -0.276398 0.850648
0.579229 -0.266065 0.770521
-0.093451 -0.380900 0.919882
0.050817 -0.399097 0.915500
0.204615 -0.409230 0.889192
0.357124 -0.409230 0.839639
0.497012 -0.399097 0.770520
0.616302 -0.380900 0.689266
0.967222 0.253931 0.000000
0.988023 0.133031 0.078192
0.988023 0.133031 -0.078192
0.987059 -0.000000 0.160355
1.000000 0.000000 0.000000
0.987059 0.000000 -0.160355
0.961008 -0.136410 0.240533
0.986715 -0.140059 0.082322
0.986715 -0.140059 -0.082322
0.961008 -0.136410 -0.240533
0.911804 -0.266064 0.312769
0.947213 -0.276396 0.162458
0.959966 -0.280117 0.000000
0.947213 -0.276396 -0.162458
0.911804 -0.266064 -0.312769
0.845982 -0.380899 0.373136
0.886396 -0.399095 0.234576
0.908902 -0.409229 0.080178
0.908902 -0.409229 -0.080178
0.886396 -0.399095 -0.234576
0.845982 -0.380899 -0.373136
0.577066 -0.586334 -0.568513
0.497009 -0.696561 -0.517479
0.455902 -0.614344 -0.643999
0.399272 -0.798552 -0.450441
0.361804 -0.723612 -0.587779
0.314971 -0.629943 -0.709905
0.288916 -0.882855 -0.370263
0.253366 -0.819913 -0.513370
0.210087 -0.733354 -0.646572
0.162463 -0.629943 -0.759459
0.174138 -0.943209 -0.282902
0.138197 -0.894429 -0.425321
0.096779 -0.819912 -0.564250
0.052789 -0.723611 -0.688186
0.009708 -0.614344 -0.788979
0.063482 -0.978671 -0.195377
0.025407 -0.943208 -0.331229
-0.016099 -0.882854 -0.469371
-0.058250 -0.798550 -0.599103
-0.097915 -0.696560 -0.710786
-0.132684 -0.586334 -0.799129
-0.362367 -0.586334 -0.724501
-0.338569 -0.696561 -0.632593
-0.471601 -0.614344 -0.632593
-0.305014 -0.798552 -0.518923
-0.447211 -0.723612 -0.525727
-0.577832 -0.629943 -0.518924
-0.262862 -0.882855 -0.389192
-0.409952 -0.819913 -0.399603
-0.550010 -0.733353 -0.399603
-0.672088 -0.629942 -0.389192
-0.215245 -0.943209 -0.253036
-0.361801 -0.894429 -0.262863
-0.506730 -0.819912 -0.266402
-0.638195 -0.723609 -0.262863
-0.747367 -0.614341 -0.253036
-0.166198 -0.978671 -0.120749
-0.307168 -0.943208 -0.126518
-0.451376 -0.882853 -0.129730
-0.587784 -0.798549 -0.129730
-0.706258 -0.696557 -0.126518
-0.801022 -0.586330 -0.120749
-0.801022 -0.586330 0.120750
-0.706258 -0.696558 0.126518
-0.747367 -0.614341 0.253037
-0.587784 -0.798549 0.129731
-0.638195 -0.723609 0.262864
-0.672088 -0.629941 0.389193
-0.451375 -0.882853 0.129731
-0.506730 -0.819911 0.266403
-0.550009 -0.733352 0.399605
-0.577832 -0.629942 0.518925
-0.307168 -0.943208 0.126519
-0.361801 -0.894428 0.262864
-0.409952 -0.819912 0.399605
-0.447211 -0.723610 0.525729
-0.471601 -0.614343 0.632594
-0.166198 -0.978671 0.120750
-0.215246 -0.943208 0.253038
-0.262863 -0.882854 0.389194
-0.305015 -0.798550 0.518925
-0.338569 -0.696560 0.632594
-0.362367 -0.586333 0.724502
0.719015 -0.586334 -0.373135
0.753363 -0.614343 -0.234576
0.645740 -0.696560 -0.312768
0.772493 -0.629942 -0.080177
0.670817 -0.723611 -0.162457
0.551780 -0.798551 -0.240532
0.772493 -0.629942 0.080178
0.679849 -0.733353 0.000000
0.566540 -0.819912 -0.082322
0.441423 -0.882854 -0.160354
0.753364 -0.614343 0.234576
0.670818 -0.723610 0.162458
0.566541 -0.819911 0.082323
0.447211 -0.894428 0.000001
0.322869 -0.943208 -0.078191
0.719016 -0.586333 0.373136
0.645741 -0.696559 0.312769
0.551781 -0.798550 0.240533
0.441424 -0.882854 0.160356
0.322870 -0.943208 0.078193
0.205432 -0.978671 0.000001
-0.132684 -0.586334 0.799129
-0.097915 -0.696561 0.710785
0.009709 -0.614344 0.788978
-0.058249 -0.798552 0.599101
0.052790 -0.723612 0.688185
0.162463 -0.629944 0.759458
-0.016097 -0.882855 0.469370
0.096780 -0.819913 0.564249
0.210089 -0.733354 0.646572
0.314971 -0.629943 0.709905
0.025409 -0.943209 0.331228
0.138199 -0.894429 0.425321
0.253368 -0.819912 0.513370
0.361805 -0.723611 0.587779
0.455903 -0.614344 0.643999
0.063484 -0.978671 0.195377
0.174140 -0.943208 0.282902
0.288918 -0.882854 0.370264
0.399274 -0.798550 0.450441
0.497011 -0.696560 0.517480
0.577067 -0.586333 0.568513
